23
100
3
80
11
5
7
22
20
90
34
58
74
28
98
69
1
31
49
13
46
78
47
73
61
55
91
75
12
35
48
99
27
39
44
76
53
89
21
81
40
92
6
65
79
83
51
41
77
57
29
8
14
87
33
37
50
24
86
67
59
26
85
18
36
95
25
45
97
52
38
30
4
56
16
10
2
17
19
93
66
72
70
63
94
96
62
42
68
60
43
9
88
71
82
54
64
32
84
15
23
100
3
80
11
5
7
22
20
90
34
58
74
28
98
69
1
31
49
13
46
78
47
73
61
55
91
75
12
35
48
99
27
39
44
76
53
89
21
81
40
92
6
65
79
83
51
41
77
57
29
8
14
87
33
37
50
24
86
67
59
26
85
18
36
95
25
45
97
52
38
30
4
56
16
10
2
17
19
93
66
72
70
63
94
96
62
42
68
60
43
9
88
71
82
54
64
32
84
15
